0 0.01832 1.832e+05 1 1 1 1.832e+05
1 0.07326 7.326e+05 3000 3000 1 7.296e+05
2 0.1465 1.465e+06 4.496e+06 1.25e+06 0.2781 2.148e+05
3 0.1954 1.954e+06 4.487e+09 1.954e+06 0.0004355 0
4 0.1954 1.954e+06 3.355e+12 1.954e+06 5.824e-07 0
5 0.1563 1.563e+06 2.005e+15 1.563e+06 7.796e-10 0
6 0.1042 1.042e+06 9.974e+17 1.042e+06 1.045e-12 0
7 0.05954 5.954e+05 4.249e+20 5.954e+05 1.401e-15 0
8 0.02977 2.977e+05 1.582e+23 2.977e+05 1.882e-18 0
9 0.01323 1.323e+05 5.232e+25 1.323e+05 2.529e-21 0
10 0.005292 5.292e+04 1.555e+28 5.292e+04 3.403e-24 0
11 0.001925 1.925e+04 4.2e+30 1.925e+04 4.583e-27 0
12 0.0006415 6415 1.038e+33 6415 6.178e-30 0
13 0.0001974 1974 2.367e+35 1974 8.338e-33 0
14 5.64e-05 564 5.007e+37 564 1.126e-35 0
15 1.504e-05 150.4 9.874e+39 150.4 1.523e-38 0
16 3.76e-06 37.6 1.824e+42 37.6 2.062e-41 0
17 8.847e-07 8.847 3.167e+44 8.847 2.794e-44 0
18 1.966e-07 1.966 5.188e+46 1.966 3.789e-47 0
19 4.139e-08 0.4139 8.044e+48 0.4139 5.145e-50 0
20 8.277e-09 0.08277 1.184e+51 0.08277 6.993e-53 0
